-3333 represent deleted numbers, only print non-deleted nodes.
numbers in () are numbers of children of the node
Set#1

Preorder
1(2) -999(0) 2(1) 3(1) 4(1) 5(1) 6(1) 7(1) 8(1) 9(1) 10(1) 11(1) 12(1) 13(1) 14(1) 15(1) 16(1) 17(1) 18(1) 19(1) 20(0) 
Inorder
-999(0) 1(2) 2(1) 3(1) 4(1) 5(1) 6(1) 7(1) 8(1) 9(1) 10(1) 11(1) 12(1) 13(1) 14(1) 15(1) 16(1) 17(1) 18(1) 19(1) 20(0) 
Postorder
-999(0) 20(0) 19(1) 18(1) 17(1) 16(1) 15(1) 14(1) 13(1) 12(1) 11(1) 10(1) 9(1) 8(1) 7(1) 6(1) 5(1) 4(1) 3(1) 2(1) 1(2) 
Count:21

Preorder
-999(0) 0(0) 3(1) 4(1) 6(1) 7(1) 8(1) 9(1) 12(2) 10(0) 13(1) 14(1) 15(1) 16(1) 17(1) 18(1) 19(1) 20(1) 21(0) 
Inorder
-999(0) 0(0) 3(1) 4(1) 6(1) 7(1) 8(1) 9(1) 10(0) 12(2) 13(1) 14(1) 15(1) 16(1) 17(1) 18(1) 19(1) 20(1) 21(0) 
Postorder
-999(0) 0(0) 10(0) 21(0) 20(1) 19(1) 18(1) 17(1) 16(1) 15(1) 14(1) 13(1) 12(2) 9(1) 8(1) 7(1) 6(1) 4(1) 3(1) 
Count:19
*************************************************************
Set#2

Preorder
3(2) 1(1) -999(0) 5(0) 
Inorder
-999(0) 1(1) 3(2) 5(0) 
Postorder
-999(0) 1(1) 5(0) 3(2) 
Count:4

Preorder
-999(0) 5(0) 
Inorder
-999(0) 5(0) 
Postorder
-999(0) 5(0) 
Count:2
*************************************************************
Set#3

Preorder
-999(0) 
Inorder
-999(0) 
Postorder
-999(0) 
Count:1

Preorder
-999(1) 
Inorder
-999(1) 
Postorder
-999(1) 
Count:1
*************************************************************
Set#4

Preorder
2(1) -999(0) 
Inorder
-999(0) 2(1) 
Postorder
-999(0) 2(1) 
Count:2

Preorder
-999(0) 
Inorder
-999(0) 
Postorder
-999(0) 
Count:1
*************************************************************
Set#5

Preorder
11(2) 8(1) -999(0) 25(2) 12(1) 15(0) 75(2) 37(2) 32(0) 60(2) 45(1) 50(0) 67(0) 90(1) 97(0) 
Inorder
-999(0) 8(1) 11(2) 12(1) 15(0) 25(2) 32(0) 37(2) 45(1) 50(0) 60(2) 67(0) 75(2) 90(1) 97(0) 
Postorder
-999(0) 8(1) 15(0) 12(1) 32(0) 50(0) 45(1) 67(0) 60(2) 37(2) 97(0) 90(1) 75(2) 25(2) 11(2) 
Count:15

Preorder
11(2) 8(1) -999(0) 25(2) 12(1) 75(2) 32(0) 60(2) 45(2) 40(0) 50(0) 67(0) 90(1) 97(1) 99(0) 
Inorder
-999(0) 8(1) 11(2) 12(1) 25(2) 32(0) 40(0) 45(2) 50(0) 60(2) 67(0) 75(2) 90(1) 97(1) 99(0) 
Postorder
-999(0) 8(1) 12(1) 32(0) 40(0) 50(0) 45(2) 67(0) 60(2) 99(0) 97(1) 90(1) 75(2) 25(2) 11(2) 
Count:15
*************************************************************
Set#6

Preorder
50(2) 40(1) 30(1) 20(1) 10(1) -999(0) 60(1) 70(1) 80(1) 90(0) 
Inorder
-999(0) 10(1) 20(1) 30(1) 40(1) 50(2) 60(1) 70(1) 80(1) 90(0) 
Postorder
-999(0) 10(1) 20(1) 30(1) 40(1) 90(0) 80(1) 70(1) 60(1) 50(2) 
Count:10

Preorder
50(2) 40(1) 30(1) 20(1) 10(1) -999(0) 60(1) 70(1) 80(1) 90(0) 
Inorder
-999(0) 10(1) 20(1) 30(1) 40(1) 50(2) 60(1) 70(1) 80(1) 90(0) 
Postorder
-999(0) 10(1) 20(1) 30(1) 40(1) 90(0) 80(1) 70(1) 60(1) 50(2) 
Count:10
*************************************************************
Set#7

Preorder
30(2) 20(1) 10(1) -999(0) 40(1) 50(0) 
Inorder
-999(0) 10(1) 20(1) 30(2) 40(1) 50(0) 
Postorder
-999(0) 10(1) 20(1) 50(0) 40(1) 30(2) 
Count:6

Preorder
30(2) 20(1) 10(1) -999(0) 40(1) 50(0) 
Inorder
-999(0) 10(1) 20(1) 30(2) 40(1) 50(0) 
Postorder
-999(0) 10(1) 20(1) 50(0) 40(1) 30(2) 
Count:6
